0.000 2.782415 0.359
0.020 2.285453 1.750
0.040 2.997357 3.670
0.060 3.336015 5.096
0.080 3.069967 7.166
0.100 3.156639 8.553
0.120 3.417538 10.534
0.140 3.549466 12.115
0.160 3.652484 13.963
0.180 3.353778 15.505
0.200 3.502547 17.416
0.220 3.631216 19.002
0.240 3.663163 20.747
0.260 4.018334 22.646
0.280 3.485087 24.103
0.300 3.532782 26.042
0.320 3.478210 27.600
0.340 3.521902 29.529
0.360 3.694665 30.855
0.380 3.496303 33.178
0.400 3.657527 34.176
0.420 3.962961 36.589
0.440 3.919419 37.761
0.460 3.427776 39.968
0.480 3.946618 41.048
0.500 3.755249 43.672
0.520 3.630452 44.347
0.540 3.614706 47.030
0.560 3.556032 48.087
0.580 3.754589 50.338
0.600 3.910407 51.401
0.620 3.974386 54.096
0.640 3.806018 54.650
0.660 3.896163 57.236
0.680 3.811877 58.764
0.700 4.009025 60.364
0.720 3.884390 62.043
0.740 3.884840 64.095
0.760 3.901881 65.353
0.780 3.831213 67.342
0.800 3.999232 69.263
0.820 3.952727 70.331
0.840 4.245304 72.786
0.860 4.433115 73.989
0.880 4.493449 76.111
0.900 4.967466 77.303
0.920 5.390998 79.763
0.940 5.995829 80.556
0.960 7.276127 83.424
0.980 8.800280 83.975
1.000 11.755513 86.768
1.020 16.510430 87.581
1.040 22.829658 90.190
1.060 30.708474 90.854
1.080 43.221125 93.843
1.100 72.407529 94.189
1.120 122.187057 97.318
1.140 159.913929 97.965
1.160 161.833576 100.381
1.180 148.132288 101.349
1.200 134.337478 104.089
1.220 121.908836 104.734
1.240 111.691260 107.233
1.260 103.727703 108.708
1.280 96.615463 110.148
1.300 90.212990 112.301
1.320 83.599847 113.972
1.340 78.110579 115.388
1.360 74.716941 117.149
1.380 70.009141 119.570
1.400 66.299446 120.182
1.420 63.940968 123.051
1.440 60.322549 123.901
1.460 58.647866 126.211
1.480 57.089325 127.239
1.500 56.378922 130.190
1.520 55.772239 130.298
1.540 56.299429 133.625
1.560 55.920989 134.118
1.580 55.522433 136.864
1.600 55.721441 137.344
1.620 54.367455 140.654
1.640 53.601395 140.575
1.660 53.820484 144.016
1.680 53.506234 144.376
1.700 53.507184 147.177
1.720 52.498390 147.871
1.740 53.105712 150.624
1.760 53.139736 151.393
1.780 53.296175 154.007
1.800 53.243906 155.060
1.820 53.441872 157.143
1.840 53.701814 158.952
1.860 53.520213 160.388
1.880 51.998598 162.331
1.900 53.244292 163.999
1.920 53.513381 165.660
1.940 53.017313 167.323
1.960 53.340897 169.926
1.980 53.338870 170.026
2.000 53.400310 173.314
2.020 53.315523 173.983
2.040 52.869774 176.415
2.060 53.402605 177.351
2.080 54.431801 180.373
2.100 53.986194 180.102
2.120 53.923800 184.130
2.140 54.093757 184.069
2.160 53.085728 186.792
2.180 53.030073 187.667
2.200 53.612155 190.908
2.220 53.675800 190.477
2.240 53.929387 194.680
2.260 54.721027 194.295
2.280 53.967752 197.359
2.300 54.171039 198.316
2.320 54.337300 200.838
2.340 53.901063 201.425
2.360 54.504503 204.589
2.380 56.202201 205.170
2.400 56.544907 207.375
2.420 57.038617 209.297
2.440 56.987652 210.449
2.460 59.407767 212.514
2.480 60.939785 214.458
2.500 63.502743 215.802
2.520 67.077487 217.435
2.540 74.331113 220.056
2.560 90.660288 220.328
2.580 126.791086 223.572
2.600 194.689397 224.193
2.620 290.358146 226.751
2.640 390.076656 227.589
2.660 470.679487 230.777
2.680 504.668357 230.542
2.700 497.293142 234.423
2.720 454.563313 234.165
2.740 371.181062 237.429
2.760 261.754089 238.075
2.780 166.345091 241.312
2.800 108.084582 240.793
2.820 83.395612 245.001
2.840 74.148018 244.430
2.860 69.447075 248.117
2.880 68.668325 248.324
2.900 68.246812 251.352
2.920 67.273131 251.557
2.940 67.140914 255.239
2.960 67.517968 255.014
2.980 67.441062 258.240
3.000 67.777826 259.141
3.020 69.061128 261.116
3.040 69.940863 263.065
3.060 72.250533 264.898
3.080 73.585575 266.030
3.100 74.470448 268.321
3.120 76.129963 270.104
3.140 78.323067 271.057
3.160 80.450370 274.157
3.180 83.898761 274.748
3.200 87.715435 277.009
3.220 91.411013 278.457
3.240 95.548828 280.872
3.260 100.792684 281.171
3.280 111.349711 284.949
3.300 137.682262 284.459
3.320 193.046239 288.040
3.340 304.275191 288.696
3.360 477.590050 291.279
3.380 682.397478 291.420
3.400 875.083311 295.731
3.420 993.804433 294.775
3.440 1034.410771 298.901
3.460 1005.659021 298.886
3.480 928.303722 301.929
3.500 807.519901 302.036
3.520 686.888899 306.250
3.540 603.344566 305.146
3.560 561.737642 309.541
3.580 533.364282 309.331
3.600 489.387043 312.415
3.620 413.116953 312.795
3.640 318.000822 316.430
3.660 238.098781 315.856
3.680 183.995666 319.535
3.700 145.207373 320.218
3.720 112.959337 322.399
3.740 90.102299 323.932
3.760 78.024205 325.925
3.780 73.176667 327.099
3.800 74.020657 329.759
3.820 81.920018 331.030
3.840 96.115488 332.642
3.860 113.984504 334.896
3.880 133.768923 336.035
3.900 148.534882 338.351
3.920 154.512080 339.585
3.940 153.572343 342.067
3.960 145.513237 342.931
3.980 131.869797 345.720
4.000 113.053731 346.136
4.020 95.645450 349.572
4.040 84.020842 349.378
4.060 75.283500 352.840
4.080 68.892740 353.274
4.100 64.048607 356.292
4.120 59.095129 356.493
4.140 56.456971 360.310
4.160 55.252032 359.390
4.180 54.443923 363.989
4.200 53.470495 363.640
4.220 53.211161 366.934
4.240 53.082376 367.128
4.260 53.237304 370.943
4.280 53.068827 369.897
4.300 52.732258 374.875
4.320 52.261975 373.886
4.340 52.246969 377.744
4.360 51.926743 377.744
4.380 51.823488 381.236
4.400 52.064183 380.761
4.420 52.330604 385.606
4.440 52.113016 383.743
4.460 51.315129 388.521
4.480 51.002876 388.507
4.500 51.413573 391.317
4.520 52.082815 391.876
4.540 52.455857 395.361
4.560 53.149975 395.014
4.580 53.843802 399.006
4.600 56.653023 399.202
4.620 60.876940 401.745
4.640 64.718312 403.147
4.660 69.394586 405.032
4.680 71.231181 406.592
4.700 70.585413 409.277
4.720 69.560177 409.890
4.740 66.693011 412.232
4.760 63.535731 414.019
4.780 57.799975 415.294
4.800 53.794118 417.815
4.820 52.135695 418.964
4.840 50.833620 420.726
4.860 50.193523 422.843
4.880 49.520350 424.654
4.900 50.207382 425.495
4.920 50.033262 429.015
4.940 50.147101 429.058
4.960 50.474394 431.962
4.980 50.044513 433.354
5.000 49.765765 435.460
5.020 49.827770 436.102
5.040 49.893694 439.955
5.060 50.419717 439.273
5.080 51.687519 443.337
5.100 52.205203 443.481
5.120 52.440749 446.332
5.140 53.326631 446.812
5.160 54.550678 450.425
5.180 55.301907 449.551
5.200 55.242639 454.594
5.220 55.183075 453.327
5.240 55.367244 457.310
5.260 56.598379 457.487
5.280 58.476613 460.714
5.300 61.643776 460.890
5.320 66.941635 465.241
5.340 71.920627 463.594
5.360 76.087188 468.778
5.380 77.618588 467.736
5.400 77.993315 471.592
5.420 74.876895 471.975
5.440 69.982656 475.546
5.460 65.040863 474.440
5.480 60.200624 479.663
5.500 55.651890 478.079
5.520 52.360673 482.767
5.540 50.936649 482.128
5.560 50.412133 486.093
5.580 50.534257 485.394
5.600 50.125722 489.968
5.620 49.874465 488.908
5.640 49.658734 493.750
5.660 49.629409 492.510
5.680 50.123610 497.211
5.700 51.038129 496.354
5.720 51.498627 500.518
5.740 52.378299 499.863
5.760 53.863816 504.717
5.780 54.785333 503.073
5.800 56.157517 508.071
5.820 57.597998 507.084
5.840 58.961925 511.194
5.860 59.212686 510.955
5.880 59.929784 514.752
5.900 60.339918 513.988
5.920 59.944765 518.944
5.940 58.511261 517.353
5.960 57.009294 522.301
5.980 55.027859 521.554
6.000 53.125134 525.457
6.020 51.656646 525.450
6.040 50.963685 529.240
6.060 50.000454 528.375
6.080 49.763543 533.543
6.100 49.926005 531.927
6.120 50.255582 536.697
6.140 50.045120 536.236
6.160 49.817866 539.686
6.180 49.183355 539.898
6.200 49.379550 543.646
6.220 49.796947 542.764
6.240 49.456792 547.488
6.260 49.811262 546.684
6.280 49.426418 550.697
6.300 49.128618 550.677
6.320 48.783499 554.060
6.340 48.934555 554.271
6.360 49.054957 558.292
6.380 49.517622 557.478
6.400 50.283461 561.735
6.420 49.792711 561.488
6.440 49.945952 565.151
6.460 50.298510 565.424
6.480 49.695828 568.659
6.500 49.407542 568.597
6.520 49.860301 572.841
6.540 50.006733 571.823
6.560 50.089624 576.187
6.580 50.014301 575.815
6.600 49.830579 579.504
6.620 49.462493 579.732
6.640 49.211414 583.157
6.660 49.141355 583.175
6.680 48.990528 587.297
6.700 49.308380 586.391
6.720 49.331355 591.024
6.740 49.445951 590.200
6.760 49.461819 594.539
6.780 48.753936 594.332
6.800 48.621989 597.775
6.820 49.326948 597.584
6.840 49.823486 602.106
6.860 49.717354 600.716
6.880 49.841013 605.646
6.900 50.670604 604.552
6.920 50.621354 608.952
6.940 50.180619 608.462
6.960 50.002114 612.614
6.980 50.016707 612.015
7.000 49.481684 617.036
7.020 49.354568 614.999
7.040 49.422799 620.625
7.060 49.331424 619.017
7.080 48.955051 623.940
7.100 49.199780 623.560
7.120 48.540709 627.061
7.140 48.613374 626.679
7.160 48.923289 631.581
7.180 49.016921 629.334
7.200 48.860153 635.651
7.220 49.153242 633.386
7.240 48.811333 638.438
7.260 48.932904 637.792
7.280 49.130714 641.676
7.300 49.488521 641.502
7.320 49.550707 646.227
7.340 49.332074 644.368
7.360 49.143023 650.326
7.380 49.332577 647.969
7.400 50.303369 653.495
7.420 50.943387 652.882
7.440 51.178096 656.296
7.460 51.278418 656.358
7.480 50.976514 660.677
7.500 50.810219 658.883
7.520 50.719919 665.123
7.540 50.273957 662.550
7.560 49.940538 667.994
7.580 49.710345 667.346
7.600 49.391407 671.048
7.620 49.881465 671.532
7.640 49.929396 674.893
7.660 49.380117 674.442
7.680 49.233978 679.328
7.700 49.376576 677.973
7.720 50.032064 683.162
7.740 49.782631 682.065
7.760 49.500597 685.709
7.780 50.298137 686.447
7.800 50.618433 689.097
7.820 50.798747 689.899
7.840 50.949323 693.552
7.860 51.027906 692.739
7.880 51.912593 697.422
7.900 52.283683 697.139
7.920 52.405816 700.571
7.940 51.977649 701.629
7.960 51.758975 703.472
7.980 51.900587 705.695
8.000 51.253239 707.506
8.020 51.002461 709.279
8.040 50.892836 711.240
8.060 50.294976 712.735
8.080 50.516419 714.797
8.100 50.991087 716.733
8.120 50.652521 717.931
8.140 51.164399 721.205
8.160 51.004275 721.038
8.180 50.728265 724.921
8.200 50.571201 725.314
8.220 50.649523 728.773
8.240 50.441941 728.897
8.260 49.956737 732.494
8.280 49.818152 732.343
8.300 49.646766 737.329
8.320 49.673324 735.284
8.340 50.092476 740.950
8.360 50.283764 739.066
8.380 50.134072 744.563
8.400 50.060545 743.080
8.420 50.527414 747.970
8.440 51.312443 746.661
8.460 51.420911 751.912
8.480 51.825216 750.465
8.500 52.022092 756.140
8.520 52.053670 754.125
8.540 52.101254 759.444
8.560 51.950648 758.489
8.580 51.477796 762.873
8.600 50.964697 762.861
8.620 51.300050 765.867
8.640 51.269925 766.726
8.660 51.677778 769.944
8.680 51.456425 769.700
8.700 51.238065 774.131
8.720 51.528988 773.603
8.740 51.250530 777.163
8.760 51.611526 778.566
8.780 52.132167 779.960
8.800 51.824483 783.433
8.820 52.032669 783.239
8.840 52.520621 787.024
8.860 52.812394 787.808
8.880 53.546112 790.141
8.900 53.838011 791.708
8.920 54.100087 794.139
8.940 54.605300 794.593
8.960 55.312239 798.937
8.980 55.082737 797.346
9.000 54.552235 803.432
9.020 54.440622 800.726
9.040 54.188955 807.360
9.060 54.288196 805.332
9.080 55.190323 810.215
9.100 55.847738 809.845
9.120 57.049452 813.785
9.140 58.722816 813.840
9.160 59.990345 817.832
9.180 60.687781 816.903
9.200 61.253280 821.997
9.220 61.723483 820.530
9.240 62.146673 825.032
9.260 63.151796 825.392
9.280 65.089022 827.943
9.300 67.258795 830.226
9.320 69.135927 831.507
9.340 70.100538 833.945
9.360 70.413895 835.474
9.380 69.145279 837.584
9.400 67.636131 839.921
9.420 66.298843 841.598
9.440 64.069584 842.397
9.460 61.968128 846.726
9.480 60.615070 844.938
9.500 60.050955 851.543
9.520 59.241733 848.068
9.540 57.684131 854.914
9.560 57.121324 852.904
9.580 56.759632 858.445
9.600 56.845558 857.780
9.620 57.193810 861.072
9.640 57.834715 862.043
9.660 58.971933 865.208
9.680 59.782188 865.977
9.700 60.215036 868.952
9.720 61.237940 869.298
9.740 61.804856 872.634
9.760 61.228448 873.499
9.780 60.568499 875.967
9.800 59.811923 878.270
9.820 59.187881 878.660
9.840 58.200542 883.720
9.860 57.682340 881.691
9.880 58.034318 887.699
9.900 58.362260 885.829
9.920 58.541299 891.490
9.940 58.438878 890.264
9.960 58.810982 894.493
9.980 58.955589 894.249
10.000 59.259164 898.325
10.020 59.604254 897.688
10.040 60.412647 902.791
10.060 61.548517 900.818
10.080 63.253440 907.255
10.100 65.919408 905.469
10.120 70.494212 910.089
10.140 75.156783 910.337
10.160 79.792556 913.018
10.180 83.981031 916.052
10.200 86.304507 914.970
10.220 86.578460 920.922
10.240 85.169696 918.237
10.260 82.239258 924.631
10.280 78.965057 922.547
10.300 75.301788 927.614
10.320 72.809487 927.681
10.340 71.529289 931.534
10.360 70.328081 931.292
10.380 69.726820 935.465
10.400 69.354213 935.401
10.420 68.838527 939.852
10.440 67.776479 939.072
10.460 67.284981 943.048
10.480 66.180349 943.513
10.500 65.065025 945.746
10.520 64.341648 948.950
10.540 63.801352 947.942
10.560 64.622907 954.770
10.580 65.421330 951.448
10.600 66.194499 958.599
10.620 66.806095 955.422
10.640 68.051025 962.366
10.660 69.288585 960.490
10.680 70.383299 964.902
10.700 71.471702 965.515
10.720 73.582920 967.548
10.740 75.948349 969.738
10.760 78.946507 971.215
10.780 81.090741 973.958
10.800 83.913059 975.462
10.820 87.218876 978.332
10.840 89.528887 979.058
10.860 90.713270 982.668
10.880 90.553896 982.763
10.900 88.548482 987.211
10.920 85.180538 985.918
10.940 81.240974 991.679
10.960 76.577452 989.090
10.980 71.957836 995.680
11.000 68.647541 993.393
11.020 66.945361 998.800
11.040 65.842208 998.918
11.060 65.280429 1001.878
11.080 65.213199 1003.999
11.100 64.731627 1004.424
11.120 64.760972 1009.945
11.140 64.673020 1007.236
11.160 64.474252 1013.878
11.180 64.523964 1011.190
11.200 64.870108 1017.156
11.220 65.328856 1015.998
11.240 64.946210 1020.152
11.260 64.792587 1021.213
11.280 64.987499 1023.674
11.300 65.292937 1025.961
11.320 64.883901 1026.742
11.340 65.191615 1031.114
11.360 64.842568 1030.357
11.380 64.809851 1035.213
11.400 64.465233 1033.984
11.420 64.387705 1038.646
11.440 63.977934 1038.358
11.460 64.011441 1042.267
11.480 64.850087 1042.743
11.500 65.060478 1046.565
11.520 65.256651 1047.326
11.540 65.443526 1049.882
11.560 65.655570 1052.112
11.580 66.356586 1053.641
11.600 67.375891 1056.431
11.620 67.640975 1056.490
11.640 68.182223 1061.186
11.660 68.604061 1059.908
11.680 69.851640 1065.401
11.700 70.908176 1064.137
11.720 71.831042 1069.733
11.740 72.842933 1068.614
11.760 73.476970 1072.894
11.780 74.142178 1073.950
11.800 74.709334 1075.943
11.820 75.126164 1078.932
11.840 75.467965 1078.511
11.860 75.180048 1083.851
11.880 75.214272 1081.989
11.900 75.018659 1087.956
11.920 74.811313 1086.427
11.940 74.135438 1092.217
11.960 73.056145 1090.901
11.980 72.270221 1095.306
12.000 71.837367 1096.741
12.020 71.033500 1097.848
12.040 70.384181 1101.839
12.060 70.137880 1100.689
12.080 70.642182 1106.322
12.100 70.991141 1104.307
12.120 71.654978 1110.614
12.140 72.454921 1109.062
12.160 73.542858 1114.439
12.180 75.136221 1113.684
12.200 75.881119 1117.814
12.220 76.714312 1119.661
12.240 77.594879 1119.584
12.260 77.895758 1125.312
12.280 77.939783 1122.290
12.300 77.346512 1129.734
12.320 77.363582 1126.137
12.340 76.988024 1134.176
12.360 76.621401 1131.525
12.380 77.284812 1136.511
12.400 77.221340 1137.509
12.420 77.830423 1139.452
12.440 78.061761 1142.992
12.460 77.382908 1142.074
12.480 76.376887 1147.376
12.500 75.167175 1145.806
12.520 74.126559 1151.517
12.540 73.768417 1150.262
12.560 73.093140 1155.950
12.580 72.943320 1154.897
12.600 72.815000 1159.006
12.620 72.714987 1161.150
12.640 72.336339 1161.546
12.660 72.534982 1165.713
12.680 73.433404 1165.042
12.700 74.429665 1169.655
12.720 75.495801 1169.496
12.740 77.198578 1173.441
12.760 79.544725 1175.062
12.780 82.391947 1176.571
12.800 83.943523 1180.329
12.820 85.108963 1180.722
12.840 85.049858 1184.258
12.860 83.442947 1184.534
12.880 81.474144 1187.776
12.900 79.269112 1189.063
12.920 77.801755 1191.169
12.940 77.239004 1194.604
12.960 78.012086 1194.841
12.980 79.419382 1199.770
13.000 80.349700 1198.835
13.020 80.197879 1204.047
13.040 79.423864 1203.215
13.060 79.075086 1206.651
13.080 77.227944 1208.798
13.100 75.696717 1208.837
13.120 75.796711 1214.723
13.140 76.053172 1212.520
13.160 76.527053 1219.895
13.180 77.467968 1216.658
13.200 77.722036 1223.823
13.220 77.353805 1221.957
13.240 76.687124 1226.125
13.260 75.377990 1227.215
13.280 74.311292 1228.656
13.300 72.854007 1233.192
13.320 72.294383 1231.949
13.340 72.212016 1238.450
13.360 72.279178 1236.193
13.380 71.762884 1242.188
13.400 71.845280 1242.114
13.420 72.663923 1244.469
13.440 73.136891 1247.237
13.460 74.237919 1247.610
13.480 75.605677 1251.731
13.500 76.442131 1252.084
13.520 76.890582 1256.058
13.540 76.212045 1257.478
13.560 75.351535 1258.793
13.580 74.456904 1263.979
13.600 73.310045 1261.382
13.620 71.896692 1268.751
13.640 71.076416 1265.328
13.660 70.220427 1271.838
13.680 69.659195 1270.787
13.700 68.355380 1275.350
13.720 67.125146 1277.077
13.740 66.351954 1277.717
13.760 65.675367 1283.708
13.780 65.312557 1281.132
13.800 65.237810 1287.076
13.820 65.874893 1285.922
13.840 66.210871 1289.788
13.860 66.220766 1291.589
13.880 66.073267 1293.428
13.900 65.657498 1297.536
13.920 65.238010 1297.265
13.940 64.416587 1301.901
13.960 63.580611 1302.394
13.980 63.868740 1304.206
14.000 63.766168 1307.982
14.020 63.563840 1306.482
14.040 63.673995 1313.912
14.060 64.160445 1311.057
14.080 64.302635 1318.251
14.100 64.505421 1315.905
14.120 64.093734 1321.923
14.140 63.121041 1321.540
14.160 62.685514 1324.229
14.180 62.416600 1327.035
14.200 62.299572 1327.505
14.220 61.932736 1331.202
14.240 62.210260 1333.478
14.260 61.865225 1334.498
14.280 62.179880 1339.324
14.300 62.621849 1338.239
14.320 62.355374 1344.247
14.340 62.105180 1341.531
14.360 61.740004 1347.927
14.380 61.601405 1346.609
14.400 61.290471 1350.846
14.420 61.219015 1354.236
14.440 61.364411 1353.472
14.460 61.661061 1359.626
14.480 62.252616 1358.288
14.500 61.976641 1362.223
14.520 61.716632 1363.830
14.540 61.813589 1364.215
14.560 61.439437 1370.569
14.580 60.676929 1368.230
14.600 60.601269 1374.938
14.620 60.560177 1373.708
14.640 60.034600 1378.139
14.660 60.207522 1380.027
14.680 60.547127 1380.181
14.700 60.522698 1385.034
14.720 60.757297 1384.311
14.740 61.043213 1388.393
14.760 61.092166 1391.881
14.780 61.454436 1390.494
14.800 61.319384 1398.465
14.820 61.217242 1394.885
14.840 61.066559 1401.209
14.860 60.987940 1399.949
14.880 61.028834 1403.632
14.900 60.672778 1406.661
14.920 60.669304 1407.648
14.940 60.486552 1411.636
14.960 60.631029 1412.709
14.980 60.650020 1415.366
15.000 61.034553 1418.066
15.020 61.330664 1417.285
15.040 61.198838 1424.275
15.060 61.101036 1420.811
15.080 60.855260 1429.014
15.100 61.120345 1427.037
15.120 61.618875 1431.493
15.140 61.066670 1434.531
15.160 60.497837 1433.952
15.180 59.693744 1438.057
15.200 59.141687 1439.408
15.220 58.732236 1440.470
15.240 58.524336 1446.714
15.260 58.187254 1444.509
15.280 57.885333 1451.352
15.300 57.929201 1450.184
15.320 58.120174 1453.695
15.340 58.515009 1456.003
15.360 58.965026 1456.033
15.380 59.041367 1461.772
15.400 59.137889 1461.195
15.420 59.660818 1465.937
15.440 59.427992 1467.389
15.460 59.250134 1468.655
15.480 59.409835 1473.443
15.500 59.248453 1471.920
15.520 58.797946 1476.378
15.540 58.798623 1478.470
15.560 58.133006 1479.194
15.580 57.854007 1486.189
15.600 57.749895 1483.258
15.620 57.927926 1489.696
15.640 57.658589 1488.781
15.660 57.718834 1491.628
15.680 57.934581 1495.031
15.700 57.864517 1495.925
15.720 58.119677 1499.922
15.740 57.863022 1501.252
15.760 57.454988 1503.838
15.780 57.539347 1507.629
15.800 57.517607 1506.287
15.820 57.902140 1511.585
15.840 58.009879 1511.915
15.860 57.997672 1514.440
15.880 57.955457 1520.150
15.900 57.910944 1517.744
15.920 57.866893 1524.533
15.940 57.649075 1523.702
15.960 57.455797 1525.991
15.980 57.592620 1529.606
16.000 57.043357 1530.678
16.020 56.658044 1534.328
16.040 56.335054 1536.379
16.060 56.131670 1538.044
16.080 55.659619 1543.022
16.100 55.425260 1541.066
16.120 55.568249 1545.847
16.140 55.715932 1547.475
16.160 55.782011 1548.528
16.180 55.775986 1555.616
16.200 55.680945 1552.811
16.220 55.617906 1558.922
16.240 55.566006 1559.137
16.260 55.197557 1560.685
16.280 55.650041 1564.725
16.300 55.729000 1565.756
16.320 55.460393 1569.066
16.340 55.635675 1572.175
16.360 56.129674 1572.893
16.380 56.161685 1577.944
16.400 55.988340 1576.882
16.420 55.739469 1579.186
16.440 55.536479 1585.138
16.460 55.487379 1582.828
16.480 55.178397 1590.151
16.500 55.358480 1589.747
16.520 55.518507 1592.334
16.540 55.152952 1596.071
16.560 55.224468 1594.710
16.580 55.029035 1600.791
16.600 55.189593 1601.878
16.620 55.629318 1603.345
16.640 54.934990 1609.320
16.660 54.433935 1608.114
16.680 54.926811 1610.671
16.700 55.468095 1615.397
16.720 55.246893 1613.213
16.740 55.554562 1621.127
16.760 55.418930 1619.916
16.780 55.491697 1623.738
16.800 55.575829 1628.262
16.820 55.931952 1625.296
16.840 56.523769 1632.216
16.860 56.680137 1631.259
16.880 56.578961 1635.325
16.900 56.279289 1639.271
16.920 56.057927 1640.000
16.940 56.069670 1643.117
16.960 55.649264 1645.467
16.980 55.463935 1645.502
17.000 55.335107 1650.345
17.020 55.109179 1652.465
17.040 55.290577 1653.048
17.060 55.274476 1661.255
17.080 55.299411 1657.179
17.100 55.241559 1662.245
17.120 55.759175 1664.569
17.140 55.806883 1664.275
17.160 55.880399 1672.071
17.180 55.809339 1669.685
17.200 55.544203 1675.548
17.220 55.200472 1677.993
17.240 55.157920 1676.477
17.260 55.549064 1681.703
17.280 55.687834 1683.653
17.300 55.517301 1685.637
17.320 55.473523 1690.122
17.340 55.626413 1691.499
17.360 55.658824 1692.400
17.380 55.791424 1697.842
17.400 55.602797 1695.562
17.420 55.723323 1701.693
17.440 55.953557 1704.556
17.460 56.194123 1704.093
17.480 56.171940 1711.477
17.500 55.914793 1708.850
17.520 56.105291 1712.138
17.540 56.268485 1717.196
17.560 56.421570 1716.099
17.580 56.316378 1721.844
17.600 56.287693 1724.320
17.620 56.442392 1724.519
17.640 56.392716 1728.574
17.660 56.282492 1729.099
17.680 56.465714 1732.379
17.700 56.261737 1737.042
17.720 56.537014 1737.640
17.740 56.423506 1739.878
17.760 56.483224 1745.031
17.780 56.391681 1742.722
17.800 56.281780 1747.777
17.820 56.687325 1751.432
17.840 57.064092 1750.961
17.860 57.722443 1758.900
17.880 57.388788 1756.336
17.900 57.592952 1758.930
17.920 57.723766 1764.091
17.940 57.827115 1763.446
17.960 58.043967 1768.745
17.980 57.936197 1771.742
18.000 57.527272 1771.838
18.020 57.489267 1776.210
18.040 57.473393 1776.613
18.060 57.334311 1779.231
18.080 57.261836 1784.277
18.100 57.528236 1785.419
18.120 57.543624 1787.930
18.140 57.243494 1791.854
18.160 56.872641 1790.861
18.180 56.983233 1793.826
18.200 57.161672 1801.329
18.220 57.206916 1798.349
18.240 57.047925 1804.711
18.260 57.262347 1806.388
18.280 57.056317 1805.146
18.300 57.190947 1812.210
18.320 57.146904 1812.994
18.340 56.960673 1814.111
18.360 56.823627 1821.883
18.380 56.966328 1819.110
18.400 57.107033 1822.718
18.420 57.332455 1826.574
18.440 57.263397 1827.258
18.460 57.151046 1831.025
18.480 57.284445 1835.874
18.500 57.184577 1835.390
18.520 57.426743 1838.064
18.540 57.567853 1841.253
18.560 57.390856 1842.680
18.580 57.340447 1846.916
18.600 57.361537 1851.084
18.620 57.352102 1850.133
18.640 57.152825 1854.572
18.660 56.970967 1855.770
18.680 56.790690 1857.611
18.700 57.166586 1864.411
18.720 56.691615 1864.491
18.740 56.553628 1866.052
18.760 56.730234 1871.401
18.780 56.969310 1868.936
18.800 57.045647 1875.112
18.820 56.732764 1879.866
18.840 56.739971 1878.376
18.860 56.785759 1883.148
18.880 56.737084 1886.050
18.900 56.963004 1884.837
18.920 56.733362 1891.515
18.940 56.718214 1893.677
18.960 56.615057 1895.609
18.980 56.666833 1898.342
19.000 56.764599 1900.956
19.020 56.739122 1901.404
19.040 56.794821 1906.618
19.060 56.630226 1909.599
19.080 56.929990 1911.295
19.100 56.821892 1914.069
19.120 56.678566 1916.262
19.140 56.663426 1916.880
19.160 56.520208 1923.542
19.180 56.491999 1925.228
19.200 56.609864 1925.813
19.220 56.547031 1930.871
19.240 56.595761 1931.434
19.260 56.266046 1932.640
19.280 56.361489 1940.332
19.300 56.430670 1940.470
19.320 56.523751 1941.538
19.340 56.685326 1947.294
19.360 56.558026 1945.772
19.380 56.329009 1950.256
19.400 56.330222 1955.487
19.420 56.759779 1956.421
19.440 56.539343 1958.123
19.460 56.411358 1962.069
19.480 56.715952 1961.829
19.500 56.256232 1967.320
19.520 56.413986 1971.072
19.540 56.500484 1971.983
19.560 56.268819 1974.166
19.580 56.663981 1977.429
19.600 56.576725 1979.701
19.620 56.338722 1981.905
19.640 56.357002 1987.739
19.660 56.586271 1988.468
19.680 56.527910 1989.141
19.700 56.422035 1993.033
19.720 56.443836 1997.561
19.740 56.681934 1997.903
19.760 56.585895 2003.521
19.780 55.971436 2004.344
19.800 56.036627 2004.207
19.820 56.169926 2011.165
19.840 56.160143 2012.887
19.860 56.109963 2014.473
19.880 56.270110 2019.633
19.900 56.383199 2020.354
19.920 56.330194 2019.982
19.940 56.280745 2027.976
19.960 56.111763 2030.127
19.980 56.096977 2030.377
20.000 55.950254 2034.325
20.020 56.107890 2037.040
20.040 56.303773 2037.874
20.060 56.256963 2043.178
20.080 56.257529 2047.957
20.100 56.388964 2045.489
20.120 56.424034 2050.048
20.140 56.069773 2054.351
20.160 56.016216 2054.298
20.180 55.936869 2060.466
20.200 55.666746 2063.278
20.220 55.548499 2061.874
20.240 55.736526 2066.150
20.260 55.799690 2071.606
20.280 55.879922 2072.265
20.300 55.852032 2075.753
20.320 55.589702 2078.604
20.340 55.897856 2078.988
20.360 55.966531 2083.334
20.380 55.760453 2087.680
20.400 55.920643 2090.534
20.420 55.979233 2090.507
20.440 55.826600 2093.751
20.460 56.088764 2098.513
20.480 56.044426 2099.888
20.500 56.194467 2103.588
20.520 56.214269 2107.686
20.540 55.822244 2106.347
20.560 56.061155 2110.124
20.580 56.027519 2116.371
20.600 55.826034 2117.811
20.620 55.687413 2118.612
20.640 55.615265 2122.691
20.660 55.438331 2125.497
20.680 55.797421 2126.729
20.700 55.897415 2133.140
20.720 55.862251 2135.485
20.740 55.726684 2133.969
20.760 55.923718 2138.234
20.780 55.971056 2145.269
20.800 55.712584 2144.722
20.820 55.648320 2147.073
20.840 56.086285 2152.469
20.860 55.883835 2151.642
20.880 56.023963 2155.399
20.900 55.737363 2162.392
20.920 55.582309 2162.757
20.940 55.617976 2162.035
20.960 55.642474 2167.679
20.980 55.712945 2172.780
21.000 55.851435 2172.675
21.020 55.768395 2176.573
21.040 55.705255 2180.369
21.060 55.681237 2179.801
21.080 55.758965 2184.295
21.100 55.669227 2191.211
21.120 55.677989 2190.435
21.140 55.894384 2191.061
21.160 55.843187 2196.096
21.180 55.418867 2201.633
21.200 55.357136 2201.505
21.220 55.509484 2204.921
21.240 55.563517 2208.680
21.260 55.623700 2209.274
21.280 55.599719 2212.763
21.300 55.708902 2219.735
21.320 55.669568 2219.345
21.340 55.561633 2219.409
21.360 55.356773 2225.635
21.380 55.009301 2230.768
21.400 55.251240 2230.013
21.420 55.349643 2233.474
21.440 55.087316 2236.758
21.460 55.503490 2239.823
21.480 55.379440 2242.439
21.500 54.954091 2246.839
21.520 55.049330 2249.074
21.540 55.005227 2248.586
21.560 54.877139 2254.655
21.580 54.948736 2260.161
21.600 54.977582 2259.830
21.620 54.815264 2260.994
21.640 54.838019 2265.855
21.660 55.141040 2270.831
21.680 55.128175 2271.670
21.700 54.940394 2274.975
21.720 54.853232 2277.787
21.740 54.608303 2279.873
21.760 54.350549 2283.583
21.780 54.341511 2288.269
21.800 54.735994 2290.650
21.820 54.720208 2289.173
21.840 54.638745 2296.209
21.860 54.150152 2300.917
21.880 54.290949 2301.378
21.900 54.446574 2302.569
21.920 54.399064 2306.804
21.940 54.265403 2312.431
21.960 54.309344 2313.617
21.980 54.148299 2315.641
22.000 53.982683 2318.818
22.020 54.109608 2323.026
22.040 54.090745 2324.427
22.060 53.897717 2329.820
22.080 54.001168 2331.579
22.100 53.755352 2332.345
22.120 53.877213 2337.259
22.140 53.780712 2341.899
22.160 53.398589 2344.875
22.180 53.557655 2343.026
22.200 53.462778 2349.448
22.220 53.436930 2354.252
22.240 53.333952 2356.341
22.260 53.403552 2356.660
22.280 53.509110 2359.785
22.300 53.496341 2366.797
22.320 53.087566 2367.993
22.340 53.040623 2369.618
22.360 53.111200 2372.532
22.380 53.079347 2378.006
22.400 52.843889 2379.215
22.420 52.892907 2382.966
22.440 52.842074 2385.504
22.460 52.817580 2388.807
22.480 52.739566 2390.387
22.500 52.885811 2396.730
22.520 52.653757 2398.746
22.540 52.592059 2399.298
22.560 52.681881 2403.160
22.580 52.587101 2408.271
22.600 52.406940 2412.715
22.620 52.145130 2410.867
22.640 52.025655 2414.616
22.660 52.183823 2420.539
22.680 52.067079 2425.890
22.700 52.339352 2423.473
22.720 52.215334 2426.165
22.740 51.967870 2432.676
22.760 51.791884 2438.548
22.780 51.642055 2436.445
22.800 51.771330 2437.855
22.820 51.557301 2445.590
22.840 51.552597 2449.770
22.860 51.480685 2449.870
22.880 51.273082 2451.052
22.900 51.203873 2456.650
22.920 51.214448 2462.391
22.940 51.306618 2462.977
22.960 51.045603 2463.679
22.980 50.658909 2468.292
23.000 50.472689 2474.883
23.020 50.713260 2475.605
23.040 50.586852 2476.928
23.060 50.349190 2480.298
23.080 50.403979 2487.185
23.100 50.416771 2488.537
23.120 50.201497 2489.866
23.140 49.907178 2492.788
23.160 49.826968 2499.309
23.180 49.979967 2500.922
23.200 50.101528 2503.157
23.220 50.164182 2505.353
23.240 49.795242 2511.385
23.260 49.536669 2513.593
23.280 49.600549 2516.605
23.300 49.796961 2518.065
23.320 49.813406 2523.397
23.340 49.691902 2526.367
23.360 49.718308 2529.692
23.380 49.486969 2530.868
23.400 49.236908 2535.618
23.420 49.082431 2539.198
23.440 48.752624 2542.838
23.460 48.764814 2543.965
23.480 48.730440 2548.017
23.500 48.699736 2551.944
23.520 48.643539 2555.530
23.540 48.437259 2556.751
23.560 48.396048 2561.180
23.580 48.529963 2564.725
23.600 48.480632 2568.242
23.620 47.898879 2570.123
23.640 47.925904 2573.327
23.660 48.018156 2578.629
23.680 48.037219 2580.728
23.700 47.807182 2582.604
23.720 47.853256 2586.135
23.740 47.574057 2592.590
23.760 47.637727 2593.869
23.780 47.635348 2595.111
23.800 47.507522 2598.199
23.820 47.322689 2605.896
23.840 47.514716 2608.202
23.860 47.474722 2607.704
23.880 47.254734 2610.913
23.900 47.008837 2618.189
23.920 46.804211 2622.157
23.940 46.746352 2621.189
23.960 46.755284 2623.639
23.980 46.650180 2630.729
24.000 46.754603 2635.762
24.020 46.585248 2634.503
24.040 46.243415 2637.132
24.060 46.109565 2643.573
24.080 46.065915 2648.292
24.100 46.102129 2647.990
24.120 46.042302 2651.084
24.140 45.704599 2656.647
24.160 45.549621 2660.417
24.180 45.423242 2662.249
24.200 45.413336 2664.526
24.220 45.586860 2669.848
24.240 45.431202 2673.339
24.260 45.137137 2674.715
24.280 45.078030 2679.864
24.300 45.141286 2682.445
24.320 44.955392 2686.085
24.340 44.829713 2687.191
24.360 44.688464 2694.543
24.380 44.611947 2697.372
24.400 44.350583 2697.777
24.420 43.967461 2700.315
24.440 43.921004 2706.951
24.460 43.825285 2713.114
24.480 43.958739 2710.678
24.500 43.937954 2714.146
24.520 43.663932 2719.819
24.540 43.543167 2725.342
24.560 43.526619 2725.298
24.580 43.543194 2728.233
24.600 43.486027 2734.258
24.620 43.152297 2736.656
24.640 42.829112 2738.838
24.660 42.760375 2743.217
24.680 42.892383 2748.227
24.700 43.006951 2749.323
24.720 42.688534 2751.605
24.740 42.431046 2758.829
24.760 42.277175 2761.656
24.780 42.283377 2761.771
24.800 42.235689 2765.363
24.820 42.159284 2772.224
24.840 41.875897 2777.039
24.860 41.420293 2774.727
24.880 41.270814 2779.979
24.900 41.160244 2784.969
24.920 40.933131 2788.646
24.940 40.987632 2790.647
24.960 41.085463 2794.711
24.980 41.057855 2799.878
25.000 40.877294 2799.745
25.020 40.564912 2803.630
25.040 40.498459 2811.045
25.060 40.507254 2812.879
25.080 40.301110 2813.272
25.100 40.035552 2818.395
25.120 39.973797 2824.525
25.140 40.031740 2826.732
25.160 39.991123 2827.177
25.180 39.718222 2833.183
25.200 39.351608 2837.826
25.220 39.417897 2838.355
25.240 39.402729 2843.940
25.260 39.371019 2848.593
25.280 39.235437 2850.586
25.300 39.045223 2851.027
25.320 38.716638 2857.893
25.340 38.760394 2863.464
25.360 38.610361 2864.490
25.380 38.423032 2866.536
25.400 38.230313 2872.720
25.420 38.185704 2875.265
25.440 38.188961 2876.878
25.460 38.012702 2883.483
25.480 37.923267 2887.726
25.500 37.808637 2887.912
25.520 37.800836 2891.074
25.540 37.541411 2898.053
25.560 37.482480 2901.676
25.580 37.507274 2902.184
25.600 37.359493 2906.945
25.620 37.197380 2912.383
25.640 36.926687 2912.474
25.660 36.828065 2917.069
25.680 36.696986 2924.300
25.700 36.740131 2925.929
25.720 36.413888 2925.999
25.740 36.330514 2932.576
25.760 36.408592 2937.878
25.780 36.210750 2937.719
25.800 35.816321 2943.379
25.820 35.736388 2948.619
25.840 35.833098 2949.982
25.860 35.663371 2951.291
25.880 35.468669 2959.288
25.900 35.352476 2963.074
25.920 35.357977 2963.603
25.940 35.392944 2968.445
25.960 35.169219 2973.765
25.980 35.049660 2974.209
26.000 35.002701 2977.799
26.020 34.787296 2985.429
26.040 34.697958 2988.533
26.060 34.632695 2987.957
26.080 34.579524 2994.662
26.100 34.325942 2999.393
26.120 34.094192 2999.220
26.140 34.068502 3005.239
26.160 33.833415 3011.963
26.180 33.797566 3011.341
26.200 33.836894 3014.077
26.220 33.783792 3021.449
26.240 33.622637 3024.064
26.260 33.441804 3025.256
26.280 33.228999 3033.345
26.300 33.212900 3036.441
26.320 33.001803 3035.713
26.340 32.828917 3041.983
26.360 32.798736 3047.831
26.380 33.060014 3048.396
26.400 32.816802 3052.491
26.420 32.583447 3059.897
26.440 32.487284 3060.705
26.460 32.146300 3061.690
26.480 31.941002 3069.941
26.500 31.786961 3054.900
26.520 31.651511 2977.994
26.540 31.851637 2887.575
26.560 31.839032 2827.850
26.580 31.632803 2782.428
26.600 31.534221 2744.669
26.620 31.521575 2710.239
26.640 31.361416 2680.364
26.660 31.433892 2652.360
26.680 31.327062 2627.568
26.700 31.183687 2602.226
26.720 30.877249 2578.500
26.740 30.548791 2557.613
26.760 30.521864 2536.378
26.780 30.556360 2517.283
26.800 30.452942 2498.314
26.820 30.680414 2480.573
26.840 30.336105 2462.643
26.860 30.395435 2444.578
26.880 30.187995 2428.581
26.900 30.017208 2412.183
26.920 29.948806 2397.725
26.940 29.776940 2382.145
26.960 29.821211 2367.610
26.980 29.856567 2353.820
27.000 29.883722 2338.229
27.020 29.769802 2325.276
27.040 29.548865 2311.425
27.060 29.465546 2298.753
27.080 29.499334 2286.018
27.100 29.457934 2273.717
27.120 29.418214 2261.558
27.140 29.131253 2248.444
27.160 28.954118 2236.711
27.180 28.863283 2224.938
27.200 28.737747 2213.709
27.220 28.586032 2201.845
27.240 28.577292 2191.355
27.260 28.791746 2180.451
27.280 28.737049 2170.021
27.300 28.465607 2158.218
27.320 28.384424 2147.692
27.340 28.360509 2137.515
27.360 28.124310 2127.412
27.380 28.273298 2116.944
27.400 28.212005 2107.543
27.420 27.995592 2097.509
27.440 27.875150 2088.527
27.460 27.752354 2077.914
27.480 27.716908 2068.196
27.500 27.661109 2058.811
27.520 27.653964 2049.688
27.540 27.570903 2040.231
27.560 27.570358 2031.566
27.580 27.612120 2022.626
27.600 27.360144 2013.951
27.620 27.317011 2005.014
27.640 27.170198 1995.532
27.660 27.070712 1986.944
27.680 26.899230 1978.607
27.700 26.777743 1969.957
27.720 26.702784 1961.331
27.740 26.840560 1953.424
27.760 26.948695 1945.103
27.780 26.910858 1937.322
27.800 26.685458 1928.953
27.820 26.635150 1920.320
27.840 26.739801 1912.131
27.860 26.614329 1904.388
27.880 26.541926 1896.697
27.900 26.445718 1888.812
27.920 26.374835 1880.808
27.940 26.103940 1873.242
27.960 26.194760 1865.831
27.980 26.243621 1858.852
28.000 26.090051 1850.437
28.020 25.869813 1842.804
28.040 25.865824 1835.240
28.060 25.786699 1827.803
28.080 25.615326 1820.746
28.100 25.535729 1813.420
28.120 25.610853 1806.109
28.140 25.529479 1799.057
28.160 25.561494 1791.992
28.180 25.603435 1784.956
28.200 25.380552 1777.739
28.220 25.427496 1770.328
28.240 25.395939 1763.471
28.260 25.512978 1756.479
28.280 25.135577 1749.473
28.300 25.062524 1742.642
28.320 25.064656 1735.911
28.340 25.059426 1728.970
28.360 24.846444 1722.379
28.380 24.697027 1715.551
28.400 24.768475 1709.229
28.420 24.812419 1702.615
28.440 24.773678 1695.590
28.460 24.624646 1688.633
28.480 24.354352 1682.410
28.500 24.469711 1675.704
28.520 24.391397 1669.236
28.540 24.509521 1662.823
28.560 24.438772 1656.262
28.580 24.343534 1650.048
28.600 24.434387 1643.708
28.620 24.280995 1637.412
28.640 24.201663 1631.128
28.660 24.028586 1624.981
28.680 23.950602 1618.456
28.700 24.063846 1611.920
28.720 23.932503 1605.724
28.740 23.717250 1599.553
28.760 23.903786 1593.430
28.780 23.984366 1587.201
28.800 23.690817 1581.203
28.820 23.582663 1575.183
28.840 23.673497 1568.970
28.860 23.521845 1562.888
28.880 23.386234 1556.942
28.900 23.597698 1551.041
28.920 23.597527 1545.204
28.940 23.509456 1539.295
28.960 23.322894 1533.043
28.980 23.082914 1527.017
29.000 23.210645 1521.112
29.020 23.138452 1515.270
29.040 23.082790 1509.523
29.060 23.126372 1503.651
29.080 22.872036 1497.724
29.100 22.876387 1491.888
29.120 22.825415 1486.194
29.140 22.875061 1480.390
29.160 23.018787 1474.665
29.180 22.938927 1469.075
29.200 22.849990 1463.283
29.220 22.644180 1457.549
29.240 22.708829 1451.990
29.260 22.458813 1446.381
29.280 22.198906 1440.792
29.300 22.421334 1434.883
29.320 22.347391 1429.250
29.340 22.304196 1423.678
29.360 22.262433 1418.084
29.380 22.263510 1412.581
29.400 22.473408 1406.996
29.420 22.408428 1401.437
29.440 22.354764 1395.899
29.460 22.499189 1390.406
29.480 22.421261 1384.980
29.500 22.301448 1379.462
29.520 22.427569 1373.979
29.540 22.295896 1368.638
29.560 22.141112 1363.166
29.580 22.106510 1357.700
29.600 21.922138 1352.286
29.620 21.587904 1346.912
29.640 22.053475 1341.557
29.660 22.100499 1336.169
29.680 21.967770 1330.813
29.700 21.952809 1325.434
29.720 21.995628 1320.217
29.740 21.656611 1314.841
29.760 21.700520 1309.462
29.780 21.730255 1304.034
29.800 21.586617 1298.814
29.820 21.553055 1293.599
29.840 21.521547 1288.244
29.860 21.327018 1283.067
29.880 21.510577 1277.744
29.900 21.486230 1272.489
29.920 21.625836 1267.327
29.940 21.536031 1262.117
29.960 21.545114 1256.944
29.980 21.476333 1251.657
30.000 21.394838 1246.469
30.020 21.276817 1241.304
30.040 21.267632 1236.198
30.060 21.347151 1231.031
30.080 21.343591 1225.801
30.100 21.136403 1220.738
30.120 20.915162 1215.625
30.140 20.966122 1210.477
30.160 21.014253 1205.277
30.180 21.227695 1200.272
30.200 21.305233 1195.199
30.220 20.958575 1190.062
30.240 20.712039 1184.963
30.260 20.824699 1179.945
30.280 20.879293 1174.800
30.300 20.890701 1169.755
30.320 20.729232 1164.732
30.340 20.855664 1159.733
30.360 20.924813 1154.562
30.380 20.855942 1149.648
30.400 20.977163 1144.673
30.420 20.899777 1139.534
30.440 20.872703 1134.592
30.460 20.719435 1129.664
30.480 20.833432 1124.587
30.500 20.906698 1119.641
30.520 20.754737 1114.637
30.540 20.766215 1109.639
30.560 20.798747 1104.730
30.580 20.459313 1099.695
30.600 20.529374 1094.724
30.620 20.581001 1089.889
30.640 20.396141 1084.911
30.660 20.525669 1079.965
30.680 20.473560 1075.045
30.700 20.565826 1070.173
30.720 20.409715 1065.277
30.740 20.195688 1060.226
30.760 20.321538 1055.334
30.780 20.148130 1050.470
30.800 20.170037 1045.511
30.820 20.290815 1040.767
30.840 20.092205 1035.825
30.860 20.034148 1030.990
30.880 19.981842 1026.082
30.900 20.117942 1021.178
30.920 20.120344 1016.335
30.940 20.007514 1011.420
30.960 19.848657 1006.617
30.980 19.813505 1001.741
31.000 19.809666 996.887
31.020 19.768120 992.153
31.040 19.930412 987.235
31.060 20.074486 982.441
31.080 20.165673 977.552
31.100 20.336211 972.748
31.120 19.698100 967.911
31.140 19.649017 963.102
31.160 19.814767 958.326
31.180 19.873278 953.491
31.200 20.059875 948.710
31.220 19.804928 943.907
31.240 19.905488 939.038
31.260 19.873855 934.293
31.280 19.722482 929.498
31.300 19.921605 924.725
31.320 19.739274 919.993
31.340 19.734030 915.120
31.360 19.711217 910.345
31.380 19.564586 905.565
31.400 19.308238 900.911
31.420 19.611353 896.012
31.440 19.854063 891.304
31.460 19.515727 886.516
31.480 19.670361 881.784
31.500 19.614062 877.126
31.520 19.278491 872.371
31.540 19.574733 867.700
31.560 19.747093 862.861
31.580 19.386393 858.024
31.600 19.239696 853.288
31.620 18.991488 848.696
31.640 19.113691 843.898
31.660 19.391999 839.006
31.680 19.334682 834.356
31.700 19.368087 829.715
31.720 19.251791 824.962
31.740 19.387265 820.126
31.760 19.532246 815.370
31.780 19.570652 810.806
31.800 19.399264 806.062
31.820 19.419703 801.197
31.840 19.207352 796.518
31.860 19.184755 791.931
31.880 19.315845 787.126
31.900 19.108613 782.370
31.920 19.383271 777.732
31.940 19.197280 773.443
31.960 19.041672 768.420
31.980 19.104869 763.732
32.000 19.143142 759.071
32.020 19.319474 754.213
32.040 19.375582 749.603
32.060 19.366597 744.891
32.080 19.250631 740.028
32.100 18.939147 735.566
32.120 19.141963 730.698
32.140 19.254248 726.022
32.160 19.027823 721.365
32.180 18.873728 716.605
32.200 18.663622 711.920
32.220 18.841061 707.285
32.240 18.988297 702.696
32.260 19.067732 698.353
32.280 19.190340 693.422
32.300 19.250462 688.659
32.320 19.067912 683.976
32.340 18.970684 679.259
32.360 19.021067 674.463
32.380 18.914980 669.945
32.400 18.434218 665.013
32.420 18.548269 660.547
32.440 18.732838 655.640
32.460 18.450638 651.089
32.480 18.693535 646.373
32.500 18.470772 641.771
32.520 18.512313 637.684
32.540 18.588750 632.587
32.560 18.497199 627.825
32.580 18.385559 623.207
32.600 18.657661 618.298
32.620 18.749741 613.822
32.640 18.570566 608.921
32.660 18.430055 604.285
32.680 18.424606 599.633
32.700 18.384303 594.855
32.720 18.141419 590.196
32.740 18.063359 586.270
32.760 18.418554 581.316
32.780 18.536276 576.383
32.800 18.338243 571.811
32.820 18.441996 566.913
32.840 18.122312 562.235
32.860 18.083053 557.594
32.880 18.540897 552.778
32.900 18.728837 548.085
32.920 18.327306 543.451
32.940 18.357758 539.336
32.960 18.337614 534.639
32.980 18.241224 529.789
33.000 18.163327 524.959
33.020 18.156738 520.082
33.040 18.272904 515.517
33.060 18.162455 510.724
33.080 18.272613 505.894
33.100 18.361555 501.319
33.120 18.260235 496.927
33.140 18.066022 492.748
33.160 17.796652 487.676
33.180 17.703169 482.851
33.200 18.046383 477.935
33.220 18.399171 473.282
33.240 18.330832 468.609
33.260 18.344216 463.688
33.280 18.359621 458.996
33.300 18.184234 455.284
33.320 18.068809 450.389
33.340 18.445428 445.314
33.360 18.256628 440.607
33.380 18.128505 435.778
33.400 18.200613 430.865
33.420 18.159295 426.228
33.440 17.849340 421.528
33.460 17.698806 417.486
33.480 18.210198 412.901
33.500 18.400403 407.872
33.520 18.025383 402.932
33.540 18.313155 398.020
33.560 18.203526 393.330
33.580 17.852938 388.620
33.600 18.001413 383.803
33.620 18.033966 380.282
33.640 18.165299 375.111
33.660 18.030892 370.032
33.680 18.071789 365.044
33.700 18.315928 360.342
33.720 18.102632 355.639
33.740 18.094117 350.611
33.760 17.570724 347.225
33.780 17.609734 342.197
33.800 17.876800 337.029
33.820 17.824421 331.960
33.840 17.548412 327.209
33.860 17.713367 322.525
33.880 18.217798 317.656
33.900 17.932715 314.174
33.920 17.246296 308.936
33.940 17.766594 303.941
33.960 18.011939 298.746
33.980 17.743461 293.911
34.000 17.872653 289.213
34.020 17.589998 285.219
34.040 17.913297 280.797
34.060 17.759003 275.410
34.080 17.766296 270.568
34.100 17.125583 265.568
34.120 17.005497 260.445
34.140 17.309347 256.104
34.160 17.280429 252.772
34.180 17.778512 247.040
34.200 17.743443 241.723
34.220 17.939249 236.911
34.240 17.579454 232.146
34.260 17.040171 227.463
34.280 17.296409 223.862
34.300 17.222849 218.373
34.320 17.567552 213.405
34.340 17.856011 208.221
34.360 17.563760 203.032
34.380 17.452980 198.992
34.400 17.444516 195.477
34.420 17.959211 189.596
34.440 18.012539 184.149
34.460 17.883900 179.323
34.480 17.668351 174.549
34.500 17.478799 171.122
34.520 16.996166 165.802
34.540 16.994519 160.464
34.560 17.130872 155.567
34.580 16.921249 150.580
34.600 16.565270 145.666
34.620 16.355911 142.395
34.640 16.510205 136.764
34.660 16.744555 131.685
34.680 16.833280 126.000
34.700 16.910964 121.164
34.720 16.656485 118.512
34.740 16.696854 113.015
34.760 16.586643 107.134
34.780 17.083902 101.733
34.800 16.615336 97.019
34.820 17.613465 94.416
34.840 17.620748 88.759
34.860 16.862793 82.489
34.880 16.274273 77.669
34.900 16.656796 72.943
34.920 16.826827 70.304
34.940 16.828542 63.701
34.960 16.502839 58.293
34.980 16.138462 53.537
35.000 16.857135 48.941
35.020 16.183610 45.540
35.040 16.397445 38.908
35.060 16.009477 34.105
35.080 15.475971 29.336
35.100 14.168627 24.914
35.120 14.417057 20.046
35.140 14.563107 14.626
35.160 12.491875 9.846
